0,
        288,
        526,
        714,
        871,
        1007,
        1129,
        1240,
        1343,
        1440,
        1530,
        1616,
        1697,
        1775,
        1850,
        1922,
        1991,
        2058,
        2123,
        2186,
        2247,
        2306,
        2364,
        2421,
        2476,
        2530,
        2583,
        2635,
        2685,
        2735,
        2784,
        2832,
        2879,
        2925,
        2970,
        3015,
        3059,
        3103,
        3146,
        3188,
        3229,
        3270,
        3311,
        3351,
        3390,
        3429,
        3468,
        3506,
        3543,
        3581,
        3617,
        3654,
        3690,
        3725,
        3761,
        3795,
        3830,
        3864,
        3898,
        3932,
        3965,
        3998,
        4031,
        4063,
        4095,
        44208,
        0,
        7168,
        46880,
        1,
        1,
        4,
        49144,
        13164,
        54040,
        4736,
        44208,
        20,
        4,
        4736,
        41984,
        28824,
        32,
        0,
        49164,
        32876,
        0,
        0,
        49069,
        0,
        28013,
        9,
        7169,
        58,
        5400,
        1,
        1,
        49164,
        49144,
        1,
        0,
        52988,
        52608,
        9,
        49069,
        185,
        49728,
        9,
        0,
        0,
        5400,
        52864,
        0,
        37,
        46592,
        7169,
        4133,
        4095,
        4096,
        53356,
        5468,
        9,
        4087,
        51276,
        45713,
        5400,
        5400,
        65144,
        44032